single: 73.699975ms
multi-std: 207.908511ms
multi-parking-lot: 236.57254ms